1 340
2 113
3 298
4 456
5 244
6 311
7 282
8 401
9 302
10 433
11 538
12 76
13 87
14 563
15 565
16 339
17 121
18 343
19 389
20 549
21 313
22 436
23 367
24 327
25 533
26 393
27 452
28 577
29 123
30 124
31 102
32 592
33 306
34 285
35 334
36 398
37 258
38 331
39 626
40 611
41 578
42 530
43 80
44 245
45 262
46 451
47 376
48 347
49 604
50 575
51 112
52 386
53 325
54 725
55 283
56 56
57 18
58 106
59 92
60 277
61 280
62 523
63 97
64 373
65 459
66 295
67 242
68 623
69 55
70 107
71 81
72 19
73 69
74 437
75 606
76 270
77 79
78 588
79 462
80 441
81 431
82 455
83 47
84 552
85 427
86 394
87 345
88 572
89 444
90 377
91 36
92 554
93 68
94 414
95 450
96 117
97 615
98 375
99 346
100 72
101 568
102 353
103 390
104 104
105 122
106 457
107 263
108 527
109 442
110 119
111 380
112 329
113 612
114 312
115 619
116 567
117 255
118 440
119 317
120 281
121 88
122 66
123 371
124 341
125 570
126 33
127 320
128 17
129 265
130 412
131 528
132 257
133 237
134 622
135 267
136 410
137 535
138 556
139 91
140 461
141 438
142 34
143 248
144 118
145 328
146 429
147 408
148 275
149 374
150 358
151 402
152 355
153 422
154 84
155 278
156 86
157 547
158 359
159 293
160 70
161 463
162 354
163 246
164 259
165 271
166 96
167 600
168 322
169 587
170 337
171 399
172 379
173 540
174 564
175 335
176 287
177 445
178 536
179 344
180 37
181 529
182 63
183 249
184 160
185 443
186 624
187 74
188 308
189 392
190 365
191 417
192 321
193 48
194 266
195 369
196 362
197 286
198 290
199 77
200 41
201 460
202 272
203 627
204 90
205 532
206 46
207 342
208 434
209 238
210 413
211 279
212 83
213 254
214 53
215 253
216 555
217 252
218 525
219 260
220 330
221 543
222 728
223 534
224 292
225 20
226 268
227 733
228 61
229 318
230 506
231 352
232 432
233 316
234 93
235 357
236 241
237 524
238 264
239 396
240 304
241 439
242 261
243 89
244 421
245 609
246 240
247 378
248 366
249 559
250 109
251 370
252 351
253 541
254 16
255 425
256 62
257 291
258 273
259 126
260 607
261 400
262 361
263 372
264 610
265 44
266 397
267 381
268 458
269 103
270 116
271 571
272 557
273 78
274 569
275 269
276 296
277 544
278 108
279 324
280 385
281 348
282 336
283 531
284 447
285 416
286 309
287 115
288 315
289 395
290 368
291 35
292 52
293 125
294 332
295 349
296 256
297 289
298 620
299 38
300 387
301 356
302 101
303 403
304 734
305 405
306 566
307 388
308 294
309 542
310 301
311 464
312 603
313 616
314 391
315 364
316 602
317 319
318 43
319 39
320 40
321 446
322 95
323 307
324 415
325 60
326 45
327 454
328 562
329 274
330 426
331 537
332 419
333 420
334 722
335 54
336 15
337 42
338 94
339 239
340 65
341 247
342 423
343 73
344 57
345 546
346 424
347 448
348 326
349 363
350 14
351 85
352 360
353 411
354 276
355 406
356 303
357 407
358 576
359 613
360 650
361 193
362 791
363 217
364 172
365 157
366 682
367 887
368 466
369 872
370 772
371 871
372 895
373 866
374 187
375 25
376 471
377 163
378 847
379 483
380 715
381 687
382 964
383 950
384 678
385 138
386 205
387 211
388 664
389 180
390 510
391 514
392 591
393 4
394 670
395 2
396 860
397 194
398 166
399 209
400 941
401 515
402 494
403 146
404 785
405 154
406 645
407 227
408 844
409 654
410 507
411 521
412 747
413 195
414 852
415 933
416 628
417 877
418 863
419 956
420 708
421 1
422 713
423 236
424 835
425 711
426 745
427 897
428 233
429 801
430 746
431 167
432 732
433 596
434 855
435 288
436 679
437 662
438 865
439 176
440 153
441 789
442 629
443 909
444 164
445 473
446 635
447 487
448 691
449 702
450 854
451 743
452 165
453 840
454 686
455 10
456 918
457 710
458 946
459 694
460 226
461 234
462 885
463 837
464 812
465 695
466 225
467 767
468 899
469 768
470 758
471 833
472 829
473 940
474 928
475 900
476 824
477 859
478 223
479 902
480 155
481 636
482 811
483 196
484 936
485 11
486 593
487 183
488 229
489 912
490 961
491 800
492 751
493 716
494 697
495 951
496 838
497 199
498 219
499 741
500 480
501 652
502 776
503 671
504 511
505 735
506 891
507 476
508 177
509 925
510 27
511 688
512 884
513 938
514 684
515 880
516 853
517 975
518 500
519 139
520 744
521 949
522 206
523 873
524 178
525 825
526 820
527 7
528 132
529 729
530 655
531 766
532 795
533 876
534 504
535 148
536 814
537 599
538 201
539 158
540 962
541 823
542 64
543 152
544 939
545 468
546 512
547 793
548 945
549 764
550 773
551 698
552 971
553 489
554 904
555 718
556 765
557 162
558 861
559 149
560 787
561 133
562 870
563 972
564 653
565 31
566 221
567 169
568 632
569 584
570 140
571 889
572 777
573 186
574 973
575 874
576 821
577 639
578 181
579 960
580 667
581 658
582 810
583 174
584 930
585 175
586 799
587 586
588 617
589 595
590 908
591 207
592 503
593 842
594 5
595 867
596 677
597 67
598 913
599 943
600 805
601 472
602 498
603 24
604 879
605 189
606 894
607 910
608 22
609 878
610 6
611 890
612 200
613 935
614 740
615 192
616 683
617 147
618 784
619 672
620 465
621 49
622 701
623 779
624 663
625 497
626 882
627 736
628 141
629 170
630 230
631 213
632 215
633 214
634 647
635 965
636 656
637 963
638 145
639 953
640 649
641 769
642 970
643 218
644 959
645 967
646 479
647 926
648 974
649 948
650 188
651 707
652 730
653 752
654 815
655 944
656 143
657 488
658 693
659 490
660 849
661 937
662 952
663 208
664 966
665 794
666 927
667 474
668 634
669 594
670 130
671 802
672 173
673 50
674 477
675 142
676 184
677 640
678 858
679 675
680 21
681 485
682 642
683 896
684 731
685 775
686 886
687 637
688 467
689 235
690 689
691 790
692 493
693 954
694 771
695 712
696 915
697 757
698 796
699 210
700 739
701 475
702 750
703 29
704 518
705 197
706 150
707 786
708 614
709 888
710 625
711 9
712 659
713 763
714 719
715 875
716 171
717 191
718 817
719 919
720 782
721 760
722 601
723 501
724 714
725 509
726 161
727 947
728 781
729 692
730 929
731 828
732 816
733 822
734 665
735 717
736 841
737 491
738 23
739 696
740 753
741 755
742 156
743 669
744 135
745 212
746 484
747 831
748 585
749 883
750 864
751 742
752 809
753 727
754 129
755 788
756 846
757 505
758 797
759 668
760 12
761 703
762 759
763 818
764 932
765 185
766 231
767 482
768 204
769 754
770 819
771 690
772 579
773 721
774 128
775 676
776 680
777 704
778 30
779 643
780 203
781 737
782 151
783 901
784 560
785 898
786 633
787 706
788 561
789 496
790 597
791 761
792 778
793 202
794 826
795 798
796 857
797 920
798 539
799 774
800 848
801 502
802 222
803 631
804 903
805 836
806 492
807 914
808 519
809 832
810 168
811 216
812 881
813 699
814 661
815 921
816 709
817 8
818 807
819 131
820 780
821 827
822 638
823 808
824 499
825 673
826 957
827 26
828 911
829 931
830 513
831 551
832 868
833 190
834 924
835 803
836 28
837 942
838 851
839 182
840 705
841 892
842 159
843 580
844 232
845 958
846 756
847 955
848 310
849 305
850 621
851 428
852 71
853 545
854 526
855 550
856 299
857 333
858 105
859 100
860 453
861 300
862 608
863 382
864 82
865 350
866 338
867 418
868 723
869 618
870 120
871 323
872 553
873 297
874 449
875 99
876 430
877 573
878 383
879 251
880 522
881 605
882 548
883 724
884 3
885 481
886 830
887 598
888 470
889 834
890 520
891 934
892 179
893 700
894 630
895 517
896 845
897 59
898 646
899 869
900 917
901 770
902 806
903 486
904 969
905 583
906 469
907 558
908 478
909 783
910 144
911 738
912 137
913 574
914 651
915 968
916 220
917 916
918 516
919 792
920 762
921 804
922 674
923 906
924 508
925 749
926 839
927 134
928 644
929 720
930 660
931 862
932 922
933 843
934 813
935 198
936 224
937 641
938 681